Review of General Psychology,2006
